Question 1:
(225.225)10 = (1110 0001.0011 1001 1001 1001)2
(225)10 = (1110 0001)2
(0.225)10 = (0.0011 1001 1001 1001 1001)2

(225.225)10 = (341.1631 4631 4631)8
(225)10 = (341)8
(0.225)10 = (0.1631 4631 4631)8

(225.225)10 = E1.3999 9999H
(225)10 = E1H
(0.225)10 = 0.3999 9999H

Question 2:
(11010111.11)2 = (215.75)10
(11010111.11)2 = (327.6)8
(11010111.11)2 = D7.CH

Question 3:
(62377)8 = (25855)10
(62377)8 = (110 0100 1111 1111)2
(62377)8 = 64FFH

Question 4:
2AC5.DH = (10949.8125)10
2AC5.DH = (2 5305.64)8
2AC5.DH = (0010 1010 1100 0101.1101)2

Question 5:
1 (1001001.011)2 = (73.375)10
2 (12121)3 = (151)10
3 (1032.2)4 = (78.5)10
4 (4310)5 = (580)10